calibration_time: "Do 11 Apr 2019 17:14:25 CEST"
image_width: 640
image_height: 480
flags: 0
camera_matrix:
   rows: 3
   cols: 3
   dt: d
   data: [ 6.6181781921979928e+02, 0., 3.3212015786936598e+02, 0.,
       6.5883522645742710e+02, 2.5523506317625774e+02, 0., 0., 1. ]
distortion_coefficients:
   rows: 1
   cols: 5
   dt: d
   data: [ -4.0939526163501189e-02, 7.5508978649574579e-02,
       -1.9826754419587428e-03, 3.0036476671797888e-03,
       2.8420269593340786e-01 ]
avg_reprojection_error: 7.1581456410716882e-01
